connect_genes
[ 0.          4.          1.50571446  1.          0.        ]
[ 0.          5.          2.04431065  1.          1.        ]
[ 1.          4.         -0.63272808  0.          2.        ]
[ 1.          5.          1.33793347  1.          3.        ]
[ 2.          4.         -2.51288806  1.          4.        ]
[ 2.          5.          1.81013285  1.          5.        ]
[ 3.          4.         -2.83170829  1.          6.        ]
[ 3.          5.         -1.26934201  1.          7.        ]
[  1.   6.   1.   1.  13.]
[ 6.          4.         -0.63272808  1.          9.        ]
node_indices
[0, 1, 2, 3, 4, 5, 6]
results
[-0.55726696624263328, 0.23240782092311621, -0.045815987112151638, -0.32900088613211087, 0.914499343863867, 0.65331417969129923, 0.89017382199924844]
fitness: 1000.0