connect_genes
[   0.          128.            1.12035756    1.            0.        ]
[   0.          129.           -2.83043857    1.            1.        ]
[   0.          130.           -2.23598253    1.            2.        ]
[   0.          131.           -2.53957899    1.            3.        ]
[   0.          132.            1.41431688    1.            4.        ]
[   0.          133.            0.84379842    1.            5.        ]
[   1.          128.           -1.48733592    1.            6.        ]
[   1.         129.           2.3554305    1.           7.       ]
[  1.00000000e+00   1.30000000e+02   2.77740835e-02   1.00000000e+00
   8.00000000e+00]
[   1.          131.            2.82809494    1.            9.        ]
[   1.          132.           -2.07338628    1.           10.        ]
[   1.          133.            0.57838363    0.           11.        ]
[   2.          128.            2.90359038    1.           12.        ]
[   2.          129.            2.63828792    0.           13.        ]
[   2.         130.           0.5346134    0.          14.       ]
[   2.          131.            0.42531943    1.           15.        ]
[   2.          132.           -2.03406494    1.           16.        ]
[   2.          133.           -1.23727637    1.           17.        ]
[   3.          128.           -2.26548045    1.           18.        ]
[   3.          129.           -1.99946107    1.           19.        ]
[   3.          130.           -0.34154619    0.           20.        ]
[   3.          131.            2.18890199    1.           21.        ]
[   3.          132.           -1.93469389    0.           22.        ]
[   3.          133.            2.11052999    0.           23.        ]
[   4.          128.           -0.50567978    1.           24.        ]
[   4.          129.           -1.86308469    1.           25.        ]
[   4.          130.           -1.95900888    1.           26.        ]
[   4.         131.           1.0537314    1.          27.       ]
[   4.          132.           -0.40094759    1.           28.        ]
[   4.          133.           -3.17983802    1.           29.        ]
[   5.          128.            3.30110078    1.           30.        ]
[   5.          129.            0.80648975    1.           31.        ]
[   5.          130.            1.49671139    1.           32.        ]
[   5.          131.            2.03643157    1.           33.        ]
[   5.          132.            1.48583987    1.           34.        ]
[   5.          133.           -1.95554284    1.           35.        ]
[   6.          128.           -0.62534068    1.           36.        ]
[   6.          129.           -1.53386426    0.           37.        ]
[   6.         130.           0.8711473    0.          38.       ]
[   6.          131.           -0.73662707    1.           39.        ]
[   6.          132.            1.65153247    1.           40.        ]
[   6.          133.           -2.45302311    1.           41.        ]
[   7.         128.           1.8615846    1.          42.       ]
[   7.          129.            0.56001212    1.           43.        ]
[   7.          130.           -1.06684141    1.           44.        ]
[   7.          131.            3.96615048    1.           45.        ]
[   7.          132.           -1.06380054    1.           46.        ]
[   7.          133.            2.37452219    1.           47.        ]
[   8.          128.            3.04027253    0.           48.        ]
[   8.          129.            1.28967701    1.           49.        ]
[   8.         130.          -0.6600318    1.          50.       ]
[  8.00000000e+00   1.31000000e+02   1.25215477e-01   1.00000000e+00
   5.10000000e+01]
[   8.         132.           1.0348265    1.          52.       ]
[   8.          133.            0.69279376    1.           53.        ]
[   9.          128.           -2.19329538    0.           54.        ]
[   9.          129.            0.21877179    0.           55.        ]
[   9.          130.           -1.54937431    1.           56.        ]
[   9.          131.            1.08177362    1.           57.        ]
[   9.          132.           -0.72935578    1.           58.        ]
[   9.          133.           -1.39149837    1.           59.        ]
[  10.          128.           -1.95447621    1.           60.        ]
[  10.          129.           -1.44954175    1.           61.        ]
[  10.          130.           -1.69187685    1.           62.        ]
[  10.          131.            2.23032972    0.           63.        ]
[  10.          132.           -2.29943354    1.           64.        ]
[  10.          133.            0.86835789    1.           65.        ]
[  11.          128.            3.06266198    1.           66.        ]
[  11.          129.            2.92415639    1.           67.        ]
[  11.          130.           -0.24281841    1.           68.        ]
[  11.          131.            1.74782632    0.           69.        ]
[  11.          132.           -0.27549225    1.           70.        ]
[  11.          133.           -1.06297659    1.           71.        ]
[  12.          128.           -2.85878753    1.           72.        ]
[  12.         129.           2.4682449    1.          73.       ]
[  12.          130.           -1.17089746    1.           74.        ]
[  12.          131.            2.39960211    1.           75.        ]
[  12.         132.           2.1579182    1.          76.       ]
[  12.          133.           -1.22232077    0.           77.        ]
[  13.          128.            0.77355836    1.           78.        ]
[  13.          129.           -1.38234074    1.           79.        ]
[  13.          130.            2.94606735    1.           80.        ]
[  1.30000000e+01   1.31000000e+02   2.68309325e-02   0.00000000e+00
   8.10000000e+01]
[  13.          132.            1.29052785    0.           82.        ]
[  13.          133.           -0.76481994    1.           83.        ]
[  14.          128.           -3.39412993    1.           84.        ]
[  14.          129.           -0.97543655    1.           85.        ]
[  14.         130.           0.2518216    1.          86.       ]
[  14.         131.          -1.5746056    1.          87.       ]
[  14.          132.            1.34605987    0.           88.        ]
[  14.          133.           -1.41893082    1.           89.        ]
[  15.          128.            0.56645029    1.           90.        ]
[  1.50000000e+01   1.29000000e+02  -3.34796550e-02   1.00000000e+00
   9.10000000e+01]
[  15.          130.           -1.55407415    1.           92.        ]
[  15.          131.            3.14092902    1.           93.        ]
[  15.          132.            2.53366676    1.           94.        ]
[  15.          133.           -1.14069451    1.           95.        ]
[  16.          128.           -1.24076414    1.           96.        ]
[  16.         129.          -1.8226965    1.          97.       ]
[  16.         130.          -0.3534327    1.          98.       ]
[  16.          131.           -1.48320335    1.           99.        ]
[  16.          132.           -1.21597968    1.          100.        ]
[  16.         133.           2.3723249    1.         101.       ]
[  17.          128.            2.49392299    1.          102.        ]
[  17.          129.           -0.55560907    1.          103.        ]
[  17.          130.            1.33891267    0.          104.        ]
[  17.          131.           -2.61143248    1.          105.        ]
[  17.          132.            1.45900805    1.          106.        ]
[  17.          133.            2.22372917    1.          107.        ]
[  18.          128.           -1.35466381    1.          108.        ]
[  18.          129.            2.98741213    0.          109.        ]
[  18.          130.           -0.90123664    1.          110.        ]
[  18.          131.           -3.05361772    1.          111.        ]
[  18.          132.           -3.03460599    1.          112.        ]
[  18.          133.           -2.46092429    1.          113.        ]
[  19.          128.           -2.26657142    1.          114.        ]
[  19.         129.           1.7910872    1.         115.       ]
[  19.          130.            1.80755066    1.          116.        ]
[  19.          131.           -1.74246802    1.          117.        ]
[  19.          132.           -1.00985649    1.          118.        ]
[  19.          133.           -2.08438763    1.          119.        ]
[  20.         128.           0.2583682    1.         120.       ]
[  20.          129.           -0.38902033    1.          121.        ]
[  20.          130.            1.00052983    1.          122.        ]
[  20.          131.           -1.60740718    1.          123.        ]
[  20.          132.            1.14721293    1.          124.        ]
[  20.        133.         -1.330534    1.        125.      ]
[  21.          128.            0.15540052    1.          126.        ]
[  21.          129.           -1.28481294    1.          127.        ]
[  21.          130.            2.35984142    0.          128.        ]
[  21.          131.           -1.77735685    0.          129.        ]
[  21.          132.            1.18850081    1.          130.        ]
[  21.          133.            0.45553056    1.          131.        ]
[  22.          128.            2.64231304    1.          132.        ]
[  22.          129.           -1.35185132    1.          133.        ]
[  22.          130.            0.20327916    1.          134.        ]
[  22.          131.           -0.94224722    1.          135.        ]
[  22.          132.           -2.05278996    1.          136.        ]
[  22.          133.            3.15875227    1.          137.        ]
[  23.          128.           -0.47951073    1.          138.        ]
[  23.          129.            3.22270727    1.          139.        ]
[  23.          130.           -0.84450489    1.          140.        ]
[  23.         131.           1.3605559    1.         141.       ]
[  23.          132.            1.49044732    1.          142.        ]
[  23.          133.            0.24659826    1.          143.        ]
[  24.          128.            0.73208757    1.          144.        ]
[  24.         129.           2.1455618    1.         145.       ]
[  24.          130.            1.53930316    1.          146.        ]
[  24.        131.         -0.789981    1.        147.      ]
[  24.          132.           -2.45366986    1.          148.        ]
[  24.          133.            0.35228248    1.          149.        ]
[  25.          128.           -0.16027557    1.          150.        ]
[  25.          129.           -0.54895103    1.          151.        ]
[  2.50000000e+01   1.30000000e+02   8.02037590e-03   1.00000000e+00
   1.52000000e+02]
[  25.          131.            0.47930463    1.          153.        ]
[  25.          132.            2.87692973    1.          154.        ]
[  25.          133.           -2.33941831    0.          155.        ]
[  26.          128.           -0.28128844    0.          156.        ]
[  26.          129.            0.43520315    1.          157.        ]
[  26.          130.           -1.17461105    0.          158.        ]
[  26.          131.           -2.31042964    1.          159.        ]
[  2.60000000e+01   1.32000000e+02  -1.11031297e-01   1.00000000e+00
   1.60000000e+02]
[  26.          133.           -1.73368991    0.          161.        ]
[  27.          128.            2.27466892    1.          162.        ]
[  27.          129.            0.59843516    1.          163.        ]
[  27.         130.          -0.6966298    1.         164.       ]
[  27.          131.            1.64612003    1.          165.        ]
[  27.          132.            0.19531469    1.          166.        ]
[  2.70000000e+01   1.33000000e+02  -1.08343564e-01   1.00000000e+00
   1.67000000e+02]
[  28.          128.            1.94951521    0.          168.        ]
[  2.80000000e+01   1.29000000e+02  -1.17301389e-01   0.00000000e+00
   1.69000000e+02]
[  28.          130.           -1.65370797    1.          170.        ]
[  2.80000000e+01   1.31000000e+02  -6.83082914e-02   1.00000000e+00
   1.71000000e+02]
[  28.         132.          -1.3233892    0.         172.       ]
[  28.          133.            2.93460518    1.          173.        ]
[  29.          128.           -0.24832139    1.          174.        ]
[  29.          129.           -2.65143569    1.          175.        ]
[  29.          130.           -1.90586106    1.          176.        ]
[  29.          131.           -0.20342339    1.          177.        ]
[  29.          132.            2.46985724    1.          178.        ]
[  29.          133.            0.38330179    1.          179.        ]
[  30.         128.           2.7432381    1.         180.       ]
[  30.          129.           -2.44057641    1.          181.        ]
[  30.          130.            1.60891388    1.          182.        ]
[  30.          131.           -2.49105528    1.          183.        ]
[  30.          132.           -0.47334778    1.          184.        ]
[  30.          133.           -2.69496948    1.          185.        ]
[  31.          128.           -0.78404591    1.          186.        ]
[  3.10000000e+01   1.29000000e+02  -1.22586759e-01   1.00000000e+00
   1.87000000e+02]
[  31.          130.            0.46024419    1.          188.        ]
[  31.          131.           -0.40080249    1.          189.        ]
[  31.          132.            0.39640535    1.          190.        ]
[  31.          133.            0.90558182    1.          191.        ]
[  32.         128.          -0.7174341    1.         192.       ]
[  32.          129.            2.35766132    1.          193.        ]
[  32.          130.           -0.85385138    1.          194.        ]
[  32.          131.           -2.84351094    0.          195.        ]
[  32.          132.           -0.63257994    1.          196.        ]
[  32.          133.            0.65380089    0.          197.        ]
[  33.          128.            2.13537696    1.          198.        ]
[  33.          129.            2.61282234    1.          199.        ]
[  33.          130.            1.67100532    1.          200.        ]
[  33.          131.            1.64609982    1.          201.        ]
[  33.          132.           -1.16672789    1.          202.        ]
[  33.          133.           -0.38938545    1.          203.        ]
[  34.         128.          -1.2137113    1.         204.       ]
[  34.          129.           -0.77374319    1.          205.        ]
[  34.          130.            1.56448424    1.          206.        ]
[  34.          131.            1.03326177    0.          207.        ]
[  34.          132.            1.11568289    1.          208.        ]
[  34.          133.            2.51031258    1.          209.        ]
[  35.          128.            1.31177168    1.          210.        ]
[  35.         129.           2.2024268    1.         211.       ]
[  35.          130.           -2.07861224    1.          212.        ]
[  35.         131.          -1.9907236    1.         213.       ]
[  35.          132.           -1.20683208    1.          214.        ]
[  35.          133.           -1.96619854    1.          215.        ]
[  36.          128.           -2.60737123    1.          216.        ]
[  36.          129.           -0.25080407    1.          217.        ]
[  36.          130.            0.98785409    1.          218.        ]
[  36.          131.            0.71049348    1.          219.        ]
[  36.          132.           -1.03086279    1.          220.        ]
[  36.          133.            1.75333412    1.          221.        ]
[  37.          128.            2.53834222    1.          222.        ]
[  37.         129.           1.8698076    1.         223.       ]
[  37.         130.           2.7027644    1.         224.       ]
[  37.          131.           -1.02817492    1.          225.        ]
[  37.          132.           -1.67992266    0.          226.        ]
[  37.          133.           -2.14015281    1.          227.        ]
[  38.          128.            2.14745155    0.          228.        ]
[  38.          129.           -1.57386285    1.          229.        ]
[  38.          130.            0.23516108    1.          230.        ]
[  38.          131.            2.08838514    0.          231.        ]
[  38.          132.           -2.20985871    1.          232.        ]
[  38.          133.            1.91318879    1.          233.        ]
[  39.          128.            1.55556844    1.          234.        ]
[  39.          129.            0.38141917    1.          235.        ]
[  39.          130.            1.08242888    1.          236.        ]
[  39.          131.           -0.41603599    1.          237.        ]
[  39.          132.            0.52864242    1.          238.        ]
[  39.          133.            0.88066805    1.          239.        ]
[  40.          128.            0.85343336    1.          240.        ]
[  40.          129.            1.65381358    1.          241.        ]
[  40.          130.            2.62479207    1.          242.        ]
[  40.          131.            1.92639074    1.          243.        ]
[  40.          132.           -1.66947215    1.          244.        ]
[  40.          133.            0.97438246    1.          245.        ]
[  41.         128.           1.7579318    1.         246.       ]
[  41.          129.           -1.52808684    1.          247.        ]
[  41.          130.            2.72256369    1.          248.        ]
[  41.          131.            1.14443744    1.          249.        ]
[  41.          132.            1.79419031    1.          250.        ]
[  41.          133.           -0.54763726    1.          251.        ]
[  42.          128.           -0.71970472    1.          252.        ]
[  42.          129.           -0.28452563    1.          253.        ]
[  42.          130.           -2.85560599    1.          254.        ]
[  4.20000000e+01   1.31000000e+02  -2.48734021e-01   1.00000000e+00
   2.55000000e+02]
[  42.          132.           -2.02451581    0.          256.        ]
[  42.          133.            0.86591533    0.          257.        ]
[  43.          128.            3.57332288    0.          258.        ]
[  43.         129.          -0.6332314    1.         259.       ]
[  43.          130.            2.92005298    1.          260.        ]
[  43.          131.            2.13048745    1.          261.        ]
[  43.          132.            1.02818626    1.          262.        ]
[  43.          133.            2.48972998    0.          263.        ]
[  44.          128.            1.53460033    1.          264.        ]
[  4.40000000e+01   1.29000000e+02  -1.44690680e-01   1.00000000e+00
   2.65000000e+02]
[  44.          130.           -1.26683345    1.          266.        ]
[  44.          131.           -0.94876225    1.          267.        ]
[  44.          132.           -2.61753503    1.          268.        ]
[  44.          133.           -2.01311101    0.          269.        ]
[  45.          128.            0.56571968    1.          270.        ]
[  45.         129.          -1.1861584    1.         271.       ]
[  45.          130.            0.81837738    1.          272.        ]
[  45.          131.           -0.83125542    0.          273.        ]
[  45.          132.           -0.79289114    1.          274.        ]
[  45.          133.           -1.49479602    0.          275.        ]
[  46.          128.            3.06209441    1.          276.        ]
[  46.          129.            2.90534664    1.          277.        ]
[  46.          130.            1.71457316    1.          278.        ]
[  46.          131.            2.99511791    1.          279.        ]
[  46.          132.            0.70288525    1.          280.        ]
[  46.          133.            2.59121329    1.          281.        ]
[  47.          128.           -1.32172398    0.          282.        ]
[  47.          129.           -0.88095932    1.          283.        ]
[  47.          130.            0.60525366    0.          284.        ]
[  47.          131.           -1.00267518    1.          285.        ]
[  47.          132.           -0.56855223    1.          286.        ]
[  47.         133.           2.3506406    1.         287.       ]
[  48.          128.           -1.21343981    1.          288.        ]
[  48.          129.            0.91461329    1.          289.        ]
[  48.          130.            2.50953621    1.          290.        ]
[  48.          131.           -2.50692896    1.          291.        ]
[  48.          132.            1.50058241    1.          292.        ]
[  48.          133.           -0.63956271    1.          293.        ]
[  49.          128.            0.29910908    0.          294.        ]
[  49.          129.           -0.63312393    1.          295.        ]
[  49.          130.            0.56201639    1.          296.        ]
[  49.          131.            0.34861973    0.          297.        ]
[  49.         132.          -0.7778819    1.         298.       ]
[  49.          133.            0.56346907    1.          299.        ]
[  50.          128.            1.45976518    1.          300.        ]
[  50.          129.            1.65511419    1.          301.        ]
[  50.         130.           2.6076887    0.         302.       ]
[  50.         131.           2.8512549    1.         303.       ]
[  50.          132.            1.95896867    1.          304.        ]
[  50.          133.            2.21560684    1.          305.        ]
[  51.          128.           -2.15857332    1.          306.        ]
[  51.          129.           -0.34503565    1.          307.        ]
[  51.          130.           -1.27076977    0.          308.        ]
[  51.          131.           -2.40219604    1.          309.        ]
[  51.          132.            2.09786463    0.          310.        ]
[  51.          133.           -0.81337763    1.          311.        ]
[  52.          128.           -2.15793945    1.          312.        ]
[  52.          129.            2.07397245    1.          313.        ]
[  52.         130.          -1.0917293    1.         314.       ]
[  52.          131.            1.92933868    1.          315.        ]
[  52.          132.            1.58421269    1.          316.        ]
[  52.          133.           -3.27609932    1.          317.        ]
[  5.30000000e+01   1.28000000e+02  -2.81512695e-01   1.00000000e+00
   3.18000000e+02]
[  53.          129.            1.83839327    0.          319.        ]
[  53.          130.           -2.37962217    1.          320.        ]
[  53.          131.            1.52379377    0.          321.        ]
[  53.          132.            2.45911345    1.          322.        ]
[  5.30000000e+01   1.33000000e+02   1.74417199e-01   1.00000000e+00
   3.23000000e+02]
[  54.          128.           -2.61647581    1.          324.        ]
[  54.         129.           1.7241993    0.         325.       ]
[  54.          130.            1.42746966    1.          326.        ]
[  54.          131.            2.77845316    0.          327.        ]
[  54.          132.            1.64932838    1.          328.        ]
[  54.         133.           1.6876955    1.         329.       ]
[  55.          128.           -0.47899422    1.          330.        ]
[  55.          129.           -0.99586778    1.          331.        ]
[  5.50000000e+01   1.30000000e+02  -4.42387263e-02   1.00000000e+00
   3.32000000e+02]
[  55.          131.           -2.33462565    1.          333.        ]
[  55.          132.           -0.54475797    1.          334.        ]
[  55.          133.            1.87929851    1.          335.        ]
[  56.          128.            1.75278964    1.          336.        ]
[  56.         129.           0.9549181    0.         337.       ]
[  56.         130.          -2.0192174    1.         338.       ]
[  56.          131.            3.70791865    1.          339.        ]
[  56.          132.            1.50344301    1.          340.        ]
[  56.         133.           2.1664065    1.         341.       ]
[  5.70000000e+01   1.28000000e+02   6.41090111e-02   1.00000000e+00
   3.42000000e+02]
[  57.          129.            0.67136667    1.          343.        ]
[  57.          130.           -0.49208703    0.          344.        ]
[  57.          131.            1.99255481    1.          345.        ]
[  57.          132.           -0.43971474    1.          346.        ]
[  5.70000000e+01   1.33000000e+02   2.39302830e-01   1.00000000e+00
   3.47000000e+02]
[  58.          128.           -1.31226747    1.          348.        ]
[  58.          129.            2.75824921    1.          349.        ]
[  58.          130.            0.90221944    1.          350.        ]
[  58.          131.            1.82968154    1.          351.        ]
[  58.          132.            1.83922299    1.          352.        ]
[  58.          133.            1.77851694    1.          353.        ]
[  59.          128.           -2.20792605    0.          354.        ]
[  59.          129.            1.82951178    1.          355.        ]
[  59.          130.           -1.54059558    1.          356.        ]
[  59.          131.            2.09355489    1.          357.        ]
[  59.          132.           -2.36041929    1.          358.        ]
[  59.          133.            2.56736208    1.          359.        ]
[  60.         128.          -2.0492859    1.         360.       ]
[  60.          129.            0.79545338    1.          361.        ]
[  60.          130.            2.92168464    1.          362.        ]
[  60.          131.           -1.31562237    1.          363.        ]
[  60.          132.            1.57280538    1.          364.        ]
[  6.00000000e+01   1.33000000e+02   3.45900367e-01   1.00000000e+00
   3.65000000e+02]
[  61.          128.            1.42594561    1.          366.        ]
[  61.          129.           -1.78584225    1.          367.        ]
[  61.          130.           -0.50453176    1.          368.        ]
[  61.          131.           -3.06400038    1.          369.        ]
[  6.10000000e+01   1.32000000e+02  -1.25548015e-02   1.00000000e+00
   3.70000000e+02]
[  6.10000000e+01   1.33000000e+02   7.87205366e-02   1.00000000e+00
   3.71000000e+02]
[  62.          128.            1.48765634    1.          372.        ]
[  62.          129.           -1.06667489    1.          373.        ]
[  62.          130.            1.82821144    1.          374.        ]
[  62.          131.            1.72315212    0.          375.        ]
[  62.          132.            1.13200114    1.          376.        ]
[  62.          133.           -0.89502844    1.          377.        ]
[  6.30000000e+01   1.28000000e+02  -1.91306799e-01   0.00000000e+00
   3.78000000e+02]
[  63.          129.           -0.82930494    1.          379.        ]
[  63.          130.            2.12622545    1.          380.        ]
[  6.30000000e+01   1.31000000e+02  -1.66143563e-01   1.00000000e+00
   3.81000000e+02]
[  63.          132.            2.63776734    1.          382.        ]
[  63.          133.            2.57066393    1.          383.        ]
[  64.          128.           -1.48714697    0.          384.        ]
[  64.          129.           -2.93792313    1.          385.        ]
[  64.          130.           -3.33577783    1.          386.        ]
[  64.          131.           -1.56438864    0.          387.        ]
[  64.          132.           -0.83944502    1.          388.        ]
[  64.          133.            2.49461605    1.          389.        ]
[  65.          128.           -2.30656089    1.          390.        ]
[  65.          129.            2.61987457    0.          391.        ]
[  65.          130.           -1.56466887    1.          392.        ]
[  65.          131.           -1.52281693    1.          393.        ]
[  65.          132.           -3.03810243    1.          394.        ]
[  65.          133.           -2.38037516    1.          395.        ]
[  66.          128.           -0.41489276    1.          396.        ]
[  66.         129.           2.6934625    0.         397.       ]
[  66.          130.            1.96162937    0.          398.        ]
[  66.          131.            2.05342722    1.          399.        ]
[  66.          132.           -0.40872049    1.          400.        ]
[  66.          133.           -1.74969646    1.          401.        ]
[  67.          128.            1.62853625    1.          402.        ]
[  67.          129.            1.32689918    1.          403.        ]
[  6.70000000e+01   1.30000000e+02   3.32976998e-01   0.00000000e+00
   4.04000000e+02]
[  67.          131.           -1.94487956    1.          405.        ]
[  67.          132.           -1.04367614    1.          406.        ]
[  67.          133.           -1.05535253    1.          407.        ]
[  68.          128.           -1.75250779    1.          408.        ]
[  68.          129.            0.83434749    1.          409.        ]
[  68.          130.            1.63750605    1.          410.        ]
[  68.          131.           -0.80037227    0.          411.        ]
[  68.          132.            2.57038629    1.          412.        ]
[  68.          133.            2.69085319    1.          413.        ]
[  69.          128.           -0.48261347    1.          414.        ]
[  69.         129.          -1.4770933    1.         415.       ]
[  69.          130.           -1.43706995    1.          416.        ]
[  69.          131.            2.00821032    1.          417.        ]
[  69.          132.           -1.50431294    1.          418.        ]
[  69.          133.           -0.49550242    0.          419.        ]
[  70.          128.           -3.21602307    1.          420.        ]
[  70.          129.            1.56074999    0.          421.        ]
[  70.          130.            1.23277383    1.          422.        ]
[  7.00000000e+01   1.31000000e+02   1.05142668e-01   1.00000000e+00
   4.23000000e+02]
[  70.          132.            2.88555724    0.          424.        ]
[  70.         133.          -1.6136437    1.         425.       ]
[  71.          128.            0.97017106    0.          426.        ]
[  71.          129.            0.61351744    0.          427.        ]
[  71.          130.            2.14989351    1.          428.        ]
[  7.10000000e+01   1.31000000e+02   8.96118910e-02   1.00000000e+00
   4.29000000e+02]
[  71.          132.           -0.85221951    1.          430.        ]
[  71.          133.            1.58796032    1.          431.        ]
[  72.          128.            0.91615179    1.          432.        ]
[  72.         129.           0.7343192    1.         433.       ]
[  72.          130.            0.91062593    1.          434.        ]
[  72.          131.           -1.44078944    1.          435.        ]
[  7.20000000e+01   1.32000000e+02   2.41296559e-01   1.00000000e+00
   4.36000000e+02]
[  72.          133.            2.18979037    0.          437.        ]
[  73.          128.            2.17237567    0.          438.        ]
[  73.       129.         0.94106    1.       439.     ]
[  73.         130.           0.9047603    1.         440.       ]
[  73.          131.            1.28363671    0.          441.        ]
[  73.          132.           -1.92739697    1.          442.        ]
[  73.          133.            0.93501337    1.          443.        ]
[  7.40000000e+01   1.28000000e+02  -1.22294352e-01   1.00000000e+00
   4.44000000e+02]
[  74.          129.            2.19094118    1.          445.        ]
[  74.          130.           -3.18850755    1.          446.        ]
[  74.          131.            2.64904059    0.          447.        ]
[  74.          132.            1.05592236    1.          448.        ]
[  74.          133.            2.65873903    1.          449.        ]
[  75.          128.            1.29344562    1.          450.        ]
[  75.          129.           -0.69934681    1.          451.        ]
[  75.          130.           -1.15225104    1.          452.        ]
[  7.50000000e+01   1.31000000e+02  -1.20929179e-01   0.00000000e+00
   4.53000000e+02]
[  75.          132.            1.90511964    0.          454.        ]
[  75.          133.            1.32738239    1.          455.        ]
[  7.60000000e+01   1.28000000e+02   1.15693372e-02   1.00000000e+00
   4.56000000e+02]
[  76.         129.           1.9546588    1.         457.       ]
[  76.          130.            1.44222496    1.          458.        ]
[  76.          131.            0.68932494    0.          459.        ]
[  76.          132.           -1.62479977    1.          460.        ]
[  76.          133.            2.18412658    1.          461.        ]
[  7.70000000e+01   1.28000000e+02   2.86640720e-01   0.00000000e+00
   4.62000000e+02]
[  77.          129.           -1.12172395    1.          463.        ]
[  77.         130.          -1.2622926    1.         464.       ]
[  77.          131.           -2.17829033    1.          465.        ]
[  77.         132.          -1.0742732    1.         466.       ]
[  77.          133.            1.81219383    0.          467.        ]
[  78.          128.           -1.69828338    1.          468.        ]
[  78.          129.           -1.00186323    1.          469.        ]
[  78.          130.            2.27635309    1.          470.        ]
[  78.          131.            0.78648824    1.          471.        ]
[  78.          132.            1.74687398    1.          472.        ]
[  78.          133.            2.49873282    1.          473.        ]
[  79.          128.            1.32482719    0.          474.        ]
[  79.          129.            2.93314978    1.          475.        ]
[  79.          130.            1.43725404    1.          476.        ]
[  7.90000000e+01   1.31000000e+02  -4.14941803e-01   1.00000000e+00
   4.77000000e+02]
[  7.90000000e+01   1.32000000e+02  -1.24566015e-01   1.00000000e+00
   4.78000000e+02]
[  7.90000000e+01   1.33000000e+02  -1.94553811e-01   1.00000000e+00
   4.79000000e+02]
[  80.         128.           2.7222247    1.         480.       ]
[  80.         129.           1.8681887    1.         481.       ]
[  8.00000000e+01   1.30000000e+02  -3.12332555e-01   1.00000000e+00
   4.82000000e+02]
[  8.00000000e+01   1.31000000e+02  -4.06829088e-01   1.00000000e+00
   4.83000000e+02]
[  80.          132.           -1.74098106    1.          484.        ]
[  80.          133.            1.44986641    0.          485.        ]
[  81.          128.           -0.79362693    1.          486.        ]
[  8.10000000e+01   1.29000000e+02  -3.84755550e-01   1.00000000e+00
   4.87000000e+02]
[  81.          130.            1.36741107    1.          488.        ]
[  8.10000000e+01   1.31000000e+02  -1.59233943e-01   1.00000000e+00
   4.89000000e+02]
[  81.          132.           -1.76281596    1.          490.        ]
[  8.10000000e+01   1.33000000e+02   1.92058243e-01   1.00000000e+00
   4.91000000e+02]
[  82.          128.           -2.97433515    1.          492.        ]
[  8.20000000e+01   1.29000000e+02   2.48844871e-01   1.00000000e+00
   4.93000000e+02]
[  8.20000000e+01   1.30000000e+02   4.67101362e-01   1.00000000e+00
   4.94000000e+02]
[  82.          131.            0.79171585    1.          495.        ]
[  82.          132.           -3.16012387    1.          496.        ]
[  82.          133.            3.22348815    0.          497.        ]
[  83.          128.            2.92015108    1.          498.        ]
[  83.          129.            1.12701773    1.          499.        ]
[  83.          130.            3.30042045    1.          500.        ]
[  83.          131.            2.53866499    1.          501.        ]
[  83.         132.           3.1908363    0.         502.       ]
[  8.30000000e+01   1.33000000e+02   1.18483595e-02   1.00000000e+00
   5.03000000e+02]
[  84.          128.           -1.14161043    1.          504.        ]
[  8.40000000e+01   1.29000000e+02   4.52907888e-01   1.00000000e+00
   5.05000000e+02]
[  84.         130.          -1.3427616    1.         506.       ]
[  8.40000000e+01   1.31000000e+02  -3.52169888e-01   1.00000000e+00
   5.07000000e+02]
[  84.          132.            2.29454451    1.          508.        ]
[  8.40000000e+01   1.33000000e+02  -2.93671672e-02   1.00000000e+00
   5.09000000e+02]
[  85.          128.           -1.36073285    1.          510.        ]
[  85.          129.            2.09259783    1.          511.        ]
[  85.          130.           -1.05164231    1.          512.        ]
[  85.          131.           -1.60787391    1.          513.        ]
[  85.          132.            2.01169298    1.          514.        ]
[  85.          133.            1.87445681    1.          515.        ]
[  86.          128.            1.37233474    1.          516.        ]
[  86.         129.           1.9792621    1.         517.       ]
[  86.          130.           -1.33888246    1.          518.        ]
[  8.60000000e+01   1.31000000e+02  -6.27669699e-02   0.00000000e+00
   5.19000000e+02]
[  8.60000000e+01   1.32000000e+02  -1.18956785e-01   1.00000000e+00
   5.20000000e+02]
[  8.60000000e+01   1.33000000e+02  -3.10042644e-01   1.00000000e+00
   5.21000000e+02]
[  87.          128.            1.56195902    1.          522.        ]
[  87.          129.            0.53928031    1.          523.        ]
[  87.          130.           -1.51554349    1.          524.        ]
[  87.          131.            1.73425857    1.          525.        ]
[  87.          132.           -0.61412607    0.          526.        ]
[  87.          133.           -2.66685766    1.          527.        ]
[  88.          128.           -1.56056169    0.          528.        ]
[  88.          129.            3.16609521    1.          529.        ]
[  88.         130.          -2.1352515    1.         530.       ]
[  88.          131.           -1.43902186    1.          531.        ]
[  88.          132.           -1.12511662    0.          532.        ]
[  88.          133.           -0.71939182    1.          533.        ]
[  8.90000000e+01   1.28000000e+02   3.02362015e-02   1.00000000e+00
   5.34000000e+02]
[  89.          129.           -1.96849186    1.          535.        ]
[  8.90000000e+01   1.30000000e+02  -4.00006565e-01   1.00000000e+00
   5.36000000e+02]
[  89.          131.           -1.36993152    1.          537.        ]
[  8.90000000e+01   1.32000000e+02   3.30837179e-01   1.00000000e+00
   5.38000000e+02]
[  89.          133.            2.65649194    1.          539.        ]
[  90.          128.           -1.74375639    1.          540.        ]
[  90.          129.            1.56431872    1.          541.        ]
[  90.          130.            3.06361881    1.          542.        ]
[  90.          131.           -2.52957013    1.          543.        ]
[  90.          132.            2.65464962    1.          544.        ]
[  90.          133.            0.95682286    1.          545.        ]
[  91.          128.            2.96208831    0.          546.        ]
[  91.          129.            3.39231929    1.          547.        ]
[  91.          130.           -2.75918613    1.          548.        ]
[  91.          131.            2.21785925    1.          549.        ]
[  91.          132.           -1.22743979    1.          550.        ]
[  9.10000000e+01   1.33000000e+02  -4.05425601e-01   1.00000000e+00
   5.51000000e+02]
[  92.          128.           -2.67326663    0.          552.        ]
[  92.          129.           -1.48540301    1.          553.        ]
[  92.          130.            1.65146533    0.          554.        ]
[  92.         131.           1.6601268    0.         555.       ]
[  92.          132.           -1.98653088    1.          556.        ]
[  92.          133.           -1.23851532    1.          557.        ]
[  93.          128.           -0.91321656    1.          558.        ]
[  93.          129.           -2.16608182    1.          559.        ]
[  93.          130.            0.68160553    1.          560.        ]
[  93.          131.           -0.99248471    1.          561.        ]
[  93.          132.            2.13102345    1.          562.        ]
[  9.30000000e+01   1.33000000e+02   2.59709374e-01   1.00000000e+00
   5.63000000e+02]
[  94.          128.            0.97785645    1.          564.        ]
[  94.          129.           -1.91855697    1.          565.        ]
[  94.          130.           -0.61300921    0.          566.        ]
[  94.          131.           -2.33613929    1.          567.        ]
[  94.          132.            1.74941758    0.          568.        ]
[  94.          133.            2.76808098    1.          569.        ]
[  9.50000000e+01   1.28000000e+02  -3.44488933e-01   1.00000000e+00
   5.70000000e+02]
[  95.          129.           -2.17326387    1.          571.        ]
[  9.50000000e+01   1.30000000e+02  -4.95071403e-01   1.00000000e+00
   5.72000000e+02]
[  95.          131.           -1.41757855    1.          573.        ]
[  95.          132.            2.54745632    1.          574.        ]
[  9.50000000e+01   1.33000000e+02  -3.57530619e-01   1.00000000e+00
   5.75000000e+02]
[  9.60000000e+01   1.28000000e+02  -4.21412862e-01   1.00000000e+00
   5.76000000e+02]
[  9.60000000e+01   1.29000000e+02   8.32373880e-02   1.00000000e+00
   5.77000000e+02]
[  96.          130.           -2.34142611    1.          578.        ]
[  9.60000000e+01   1.31000000e+02   3.52857137e-01   1.00000000e+00
   5.79000000e+02]
[  96.          132.            1.56669882    0.          580.        ]
[  9.60000000e+01   1.33000000e+02  -4.68214129e-01   1.00000000e+00
   5.81000000e+02]
[  97.          128.           -2.78230992    1.          582.        ]
[  97.          129.           -3.19919431    1.          583.        ]
[  97.          130.            2.11603226    1.          584.        ]
[  97.          131.            1.21625688    1.          585.        ]
[  97.          132.           -1.32212968    1.          586.        ]
[  97.          133.           -0.61411684    1.          587.        ]
[  98.          128.            1.75343956    1.          588.        ]
[  98.          129.            1.79621931    1.          589.        ]
[  98.         130.           0.6076653    1.         590.       ]
[  98.          131.           -0.64282724    0.          591.        ]
[  98.          132.            2.54938044    0.          592.        ]
[  98.          133.            2.20762306    1.          593.        ]
[  99.          128.            2.58402336    1.          594.        ]
[  99.          129.            2.90441068    0.          595.        ]
[  99.          130.           -1.08801978    1.          596.        ]
[  99.          131.            2.63622413    1.          597.        ]
[  99.          132.            2.91423757    1.          598.        ]
[  99.          133.            2.09920956    1.          599.        ]
[  1.00000000e+02   1.28000000e+02  -2.73509940e-01   1.00000000e+00
   6.00000000e+02]
[ 100.          129.           -1.18834436    1.          601.        ]
[ 100.          130.           -1.23633013    1.          602.        ]
[ 100.          131.           -2.91559993    1.          603.        ]
[  1.00000000e+02   1.32000000e+02   1.45368085e-01   0.00000000e+00
   6.04000000e+02]
[ 100.          133.           -0.81277344    1.          605.        ]
[ 101.         128.           2.5698962    1.         606.       ]
[ 101.          129.            1.06914237    1.          607.        ]
[ 101.          130.            1.44930355    1.          608.        ]
[ 101.          131.           -2.61498962    1.          609.        ]
[ 101.          132.           -1.59947117    1.          610.        ]
[ 101.          133.           -2.61751617    0.          611.        ]
[ 102.          128.            1.71713427    1.          612.        ]
[ 102.          129.            2.81113154    1.          613.        ]
[ 102.          130.           -1.54467253    1.          614.        ]
[ 102.          131.            2.02756953    1.          615.        ]
[ 102.          132.           -1.24031008    0.          616.        ]
[ 102.          133.           -1.32755658    1.          617.        ]
[ 103.          128.            2.21824909    1.          618.        ]
[  1.03000000e+02   1.29000000e+02   2.10062770e-01   1.00000000e+00
   6.19000000e+02]
[ 103.          130.            2.15716404    1.          620.        ]
[  1.03000000e+02   1.31000000e+02   1.15891407e-01   1.00000000e+00
   6.21000000e+02]
[ 103.         132.           0.6999553    1.         622.       ]
[ 103.          133.            0.72195668    1.          623.        ]
[  1.04000000e+02   1.28000000e+02   2.76218556e-01   0.00000000e+00
   6.24000000e+02]
[  1.04000000e+02   1.29000000e+02   7.62028329e-02   1.00000000e+00
   6.25000000e+02]
[ 104.          130.            1.10697202    0.          626.        ]
[ 104.          131.            0.96649552    1.          627.        ]
[ 104.          132.            0.81442685    0.          628.        ]
[ 104.          133.            2.17112803    1.          629.        ]
[  1.05000000e+02   1.28000000e+02   4.26658420e-01   1.00000000e+00
   6.30000000e+02]
[  1.05000000e+02   1.29000000e+02  -4.70235060e-01   1.00000000e+00
   6.31000000e+02]
[ 105.          130.            2.30942731    1.          632.        ]
[  1.05000000e+02   1.31000000e+02   4.44016312e-01   1.00000000e+00
   6.33000000e+02]
[ 105.          132.           -0.85405728    1.          634.        ]
[ 105.          133.           -2.66225728    1.          635.        ]
[ 106.          128.           -2.62817381    1.          636.        ]
[ 106.         129.          -1.8944914    1.         637.       ]
[ 106.          130.            2.55230687    0.          638.        ]
[  1.06000000e+02   1.31000000e+02   2.44923306e-01   1.00000000e+00
   6.39000000e+02]
[  1.06000000e+02   1.32000000e+02  -5.63384401e-01   1.00000000e+00
   6.40000000e+02]
[ 106.          133.           -1.58737286    0.          641.        ]
[ 107.          128.            1.99385064    1.          642.        ]
[ 107.         129.           1.8585652    1.         643.       ]
[ 107.          130.            1.66623145    1.          644.        ]
[ 107.          131.           -1.42042803    0.          645.        ]
[ 107.          132.           -2.74138707    1.          646.        ]
[  1.07000000e+02   1.33000000e+02  -1.11669692e-01   1.00000000e+00
   6.47000000e+02]
[ 108.          128.           -2.10134434    1.          648.        ]
[  1.08000000e+02   1.29000000e+02   2.48403817e-01   1.00000000e+00
   6.49000000e+02]
[ 108.          130.           -0.91036411    1.          650.        ]
[  1.08000000e+02   1.31000000e+02  -2.79778363e-01   1.00000000e+00
   6.51000000e+02]
[ 108.          132.           -1.45274394    1.          652.        ]
[ 108.          133.            0.91828577    1.          653.        ]
[ 109.          128.           -1.00226003    1.          654.        ]
[ 109.          129.            0.77853798    1.          655.        ]
[ 109.          130.           -2.41275443    1.          656.        ]
[ 109.          131.            1.10841789    1.          657.        ]
[ 109.          132.           -2.92458353    0.          658.        ]
[ 109.          133.            1.59170865    1.          659.        ]
[  1.10000000e+02   1.28000000e+02   2.36309851e-01   1.00000000e+00
   6.60000000e+02]
[ 110.         129.          -2.6148583    1.         661.       ]
[ 110.          130.           -0.89867147    1.          662.        ]
[  1.10000000e+02   1.31000000e+02  -5.40391658e-01   1.00000000e+00
   6.63000000e+02]
[ 110.          132.            1.72451425    1.          664.        ]
[ 110.          133.            2.43022143    1.          665.        ]
[ 111.         128.           1.0082626    1.         666.       ]
[ 111.          129.           -0.87113205    0.          667.        ]
[ 111.          130.            1.93049779    1.          668.        ]
[ 111.          131.            0.81909174    0.          669.        ]
[ 111.          132.            0.76991371    1.          670.        ]
[ 111.          133.            1.81892015    1.          671.        ]
[ 112.         128.           1.4345922    1.         672.       ]
[ 112.          129.           -1.26821988    1.          673.        ]
[ 112.          130.            1.56898057    0.          674.        ]
[ 112.          131.           -1.82067817    1.          675.        ]
[ 112.          132.           -1.09314316    1.          676.        ]
[ 112.          133.            2.52133855    1.          677.        ]
[ 113.          128.            0.71758428    1.          678.        ]
[ 113.          129.           -0.93214568    1.          679.        ]
[ 113.          130.           -1.70985768    1.          680.        ]
[ 113.          131.            1.43252354    0.          681.        ]
[  1.13000000e+02   1.32000000e+02   4.48669336e-01   1.00000000e+00
   6.82000000e+02]
[  1.13000000e+02   1.33000000e+02   2.28493875e-01   1.00000000e+00
   6.83000000e+02]
[ 114.          128.           -1.55588349    0.          684.        ]
[ 114.          129.            2.18475172    1.          685.        ]
[ 114.          130.            0.70013582    1.          686.        ]
[  1.14000000e+02   1.31000000e+02   4.67289217e-01   1.00000000e+00
   6.87000000e+02]
[ 114.          132.            2.33841845    1.          688.        ]
[ 114.          133.            3.36944753    1.          689.        ]
[ 115.          128.           -2.86659446    1.          690.        ]
[ 115.          129.           -1.49103406    1.          691.        ]
[ 115.          130.           -0.69456351    1.          692.        ]
[ 115.          131.           -3.25888139    1.          693.        ]
[  1.15000000e+02   1.32000000e+02  -4.76632320e-02   0.00000000e+00
   6.94000000e+02]
[ 115.          133.            0.97679906    1.          695.        ]
[ 116.          128.           -1.50216574    0.          696.        ]
[ 116.          129.           -1.81524508    0.          697.        ]
[  1.16000000e+02   1.30000000e+02  -1.09767989e-01   1.00000000e+00
   6.98000000e+02]
[ 116.          131.            1.49173042    1.          699.        ]
[ 116.          132.            2.08368576    1.          700.        ]
[ 116.          133.           -2.60558713    1.          701.        ]
[ 117.          128.            1.51497712    1.          702.        ]
[ 117.          129.            1.03822868    1.          703.        ]
[ 117.          130.            0.82936284    1.          704.        ]
[ 117.          131.            1.27939099    1.          705.        ]
[ 117.          132.            1.45120946    1.          706.        ]
[  1.17000000e+02   1.33000000e+02  -7.34802110e-02   1.00000000e+00
   7.07000000e+02]
[ 118.          128.           -0.81193511    1.          708.        ]
[ 118.          129.            2.79921287    0.          709.        ]
[ 118.          130.            2.42541692    1.          710.        ]
[ 118.          131.            1.30202266    1.          711.        ]
[ 118.          132.           -1.11281589    1.          712.        ]
[ 118.          133.            3.42666499    1.          713.        ]
[ 119.          128.            2.32817754    1.          714.        ]
[  1.19000000e+02   1.29000000e+02   5.64549700e-01   1.00000000e+00
   7.15000000e+02]
[  1.19000000e+02   1.30000000e+02  -5.90191450e-01   1.00000000e+00
   7.16000000e+02]
[ 119.         131.          -1.4324695    1.         717.       ]
[ 119.          132.           -2.08738227    1.          718.        ]
[ 119.          133.           -2.25462608    1.          719.        ]
[  1.20000000e+02   1.28000000e+02  -6.50369714e-02   1.00000000e+00
   7.20000000e+02]
[ 120.          129.            2.89359682    1.          721.        ]
[  1.20000000e+02   1.30000000e+02   1.80188723e-01   1.00000000e+00
   7.22000000e+02]
[ 120.          131.           -1.55796458    1.          723.        ]
[ 120.          132.            1.82187767    1.          724.        ]
[ 120.          133.           -1.90303222    0.          725.        ]
[ 121.         128.           2.3767661    0.         726.       ]
[ 121.          129.            2.52281519    1.          727.        ]
[ 121.          130.            1.82369474    1.          728.        ]
[ 121.         131.          -2.1292942    1.         729.       ]
[ 121.          132.           -3.17590335    1.          730.        ]
[ 121.          133.            1.20769297    0.          731.        ]
[ 122.          128.           -1.98341976    1.          732.        ]
[ 122.          129.           -3.07896715    1.          733.        ]
[  1.22000000e+02   1.30000000e+02  -7.13546813e-01   1.00000000e+00
   7.34000000e+02]
[ 122.          131.            2.63348288    1.          735.        ]
[  1.22000000e+02   1.32000000e+02   4.70031724e-01   1.00000000e+00
   7.36000000e+02]
[ 122.          133.            1.70214107    1.          737.        ]
[ 123.          128.           -1.16906157    1.          738.        ]
[  1.23000000e+02   1.29000000e+02   4.52965877e-01   0.00000000e+00
   7.39000000e+02]
[ 123.          130.            1.46730165    1.          740.        ]
[  1.23000000e+02   1.31000000e+02   4.46292154e-01   1.00000000e+00
   7.41000000e+02]
[ 123.          132.            2.06151357    1.          742.        ]
[ 123.          133.            1.41438804    0.          743.        ]
[  1.24000000e+02   1.28000000e+02  -8.52355919e-02   1.00000000e+00
   7.44000000e+02]
[ 124.          129.           -3.31378139    1.          745.        ]
[  1.24000000e+02   1.30000000e+02  -2.02111607e-02   1.00000000e+00
   7.46000000e+02]
[ 124.         131.          -1.4682301    1.         747.       ]
[ 124.          132.            2.59047592    1.          748.        ]
[  1.24000000e+02   1.33000000e+02   1.30328920e-01   1.00000000e+00
   7.49000000e+02]
[  1.25000000e+02   1.28000000e+02   3.15704528e-01   1.00000000e+00
   7.50000000e+02]
[ 125.          129.            2.10399626    1.          751.        ]
[ 125.          130.            0.90714429    1.          752.        ]
[ 125.          131.            1.19379567    1.          753.        ]
[  1.25000000e+02   1.32000000e+02  -6.39187662e-01   1.00000000e+00
   7.54000000e+02]
[ 125.         133.           1.8768132    1.         755.       ]
[ 126.          128.            1.11576008    1.          756.        ]
[ 126.          129.            2.56504996    1.          757.        ]
[ 126.          130.            2.14777914    1.          758.        ]
[  1.26000000e+02   1.31000000e+02   9.36626699e-02   1.00000000e+00
   7.59000000e+02]
[ 126.          132.            2.69292099    1.          760.        ]
[ 126.          133.           -1.50777595    1.          761.        ]
[  1.27000000e+02   1.28000000e+02  -3.34429225e-01   1.00000000e+00
   7.62000000e+02]
[ 127.          129.            0.93873193    1.          763.        ]
[ 127.         130.          -1.2069286    1.         764.       ]
[ 127.          131.            2.03718916    1.          765.        ]
[ 127.          132.           -0.97284564    1.          766.        ]
[ 127.          133.           -1.55115595    1.          767.        ]
[  80.          222.            1.44793811    1.          969.        ]
[  2.22000000e+02   1.33000000e+02   3.63557644e-01   1.00000000e+00
   9.70000000e+02]
[  44.          222.            1.37876205    1.          971.        ]
[  1.60000000e+01   2.22000000e+02  -2.01451895e+00   1.00000000e+00
   1.11900000e+03]
[  8.30000000e+01   3.06000000e+02   1.22037196e+00   1.00000000e+00
   1.31900000e+03]
[  3.06000000e+02   1.28000000e+02  -2.42923472e+00   1.00000000e+00
   1.32000000e+03]
[  5.60000000e+01   3.06000000e+02  -1.22292023e+00   1.00000000e+00
   1.37600000e+03]
[  127.           308.             1.46021688     0.          1325.        ]
[  3.08000000e+02   1.30000000e+02  -6.37174340e-01   1.00000000e+00
   1.32600000e+03]
[  6.00000000e+01   2.22000000e+02   1.37993473e+00   1.00000000e+00
   1.43900000e+03]
[  4.80000000e+01   3.06000000e+02   3.38406042e-01   0.00000000e+00
   1.59800000e+03]
[  6.00000000e+00   3.08000000e+02   6.14847065e-01   1.00000000e+00
   1.67800000e+03]
[  6.50000000e+01   1.95000000e+02   1.13456480e+00   1.00000000e+00
   1.36100000e+03]
[ 195.          129.           -1.25699207    1.          909.        ]
[  5.30000000e+01   3.06000000e+02  -8.74659499e-01   1.00000000e+00
   1.58900000e+03]
[  1.90000000e+01   3.06000000e+02  -1.81277780e+00   1.00000000e+00
   1.80800000e+03]
[  9.00000000e+01   3.08000000e+02  -6.49302235e-01   1.00000000e+00
   1.63200000e+03]
[  6.10000000e+01   2.22000000e+02  -1.16262241e+00   0.00000000e+00
   1.20400000e+03]
[  2.20000000e+01   3.08000000e+02   1.28477323e+00   1.00000000e+00
   1.94400000e+03]
[  4.20000000e+01   3.06000000e+02   2.29151275e+00   1.00000000e+00
   1.57700000e+03]
[  5.10000000e+01   2.22000000e+02   3.37887164e-01   1.00000000e+00
   1.05000000e+03]
[  2.22000000e+02   1.30000000e+02   2.37893594e+00   1.00000000e+00
   1.66100000e+03]
[  5.40000000e+01   3.06000000e+02  -2.94279168e+00   1.00000000e+00
   1.96700000e+03]
[  7.10000000e+01   2.43000000e+02   2.79640770e+00   1.00000000e+00
   1.05900000e+03]
[  2.43000000e+02   1.29000000e+02   1.21637144e+00   1.00000000e+00
   1.05800000e+03]
[  7.00000000e+01   2.22000000e+02  -1.65510351e+00   1.00000000e+00
   2.05800000e+03]
[  5.50000000e+01   1.95000000e+02   2.11948442e+00   1.00000000e+00
   2.07300000e+03]
[  8.50000000e+01   1.95000000e+02  -1.35317923e+00   0.00000000e+00
   2.05900000e+03]
[  1.04000000e+02   2.43000000e+02   8.10635692e-02   1.00000000e+00
   2.09900000e+03]
[  1.03000000e+02   1.95000000e+02  -1.65506969e-01   0.00000000e+00
   1.94500000e+03]
[  3.08000000e+02   1.33000000e+02   2.23666124e+00   1.00000000e+00
   2.00300000e+03]
[  4.20000000e+01   3.08000000e+02   1.24357056e+00   1.00000000e+00
   1.54300000e+03]
[  1.02000000e+02   3.06000000e+02   2.52233788e+00   1.00000000e+00
   1.63700000e+03]
[  3.80000000e+01   3.06000000e+02   6.68962325e-02   1.00000000e+00
   1.58500000e+03]
[  1.90000000e+01   2.43000000e+02   1.94270208e-01   1.00000000e+00
   2.15700000e+03]
[  1.10000000e+02   3.06000000e+02   1.79887754e+00   1.00000000e+00
   1.44600000e+03]
[  9.90000000e+01   3.08000000e+02  -3.09146534e-01   1.00000000e+00
   2.00000000e+03]
[  1.80000000e+01   2.43000000e+02  -2.60790215e+00   1.00000000e+00
   2.18900000e+03]
[  2.60000000e+01   3.08000000e+02   2.43567884e+00   1.00000000e+00
   1.83200000e+03]
[  2.43000000e+02   3.08000000e+02  -3.34409695e-01   1.00000000e+00
   2.23600000e+03]
[  1.24000000e+02   1.95000000e+02   5.31137782e-01   1.00000000e+00
   1.90300000e+03]
[  1.03000000e+02   3.08000000e+02   9.03975060e-01   1.00000000e+00
   1.68400000e+03]
[  3.08000000e+02   1.95000000e+02  -1.52265458e-01   1.00000000e+00
   2.03100000e+03]
[  7.80000000e+01   2.22000000e+02  -1.80284039e+00   1.00000000e+00
   1.57800000e+03]
[  3.08000000e+02   1.28000000e+02   6.19396211e-01   1.00000000e+00
   1.88000000e+03]
[  3.00000000e+00   1.95000000e+02  -2.21910607e+00   1.00000000e+00
   1.41500000e+03]
node_indices
[0.0, 1.0, 2.0, 3.0, 4.0, 5.0, 6.0, 7.0, 8.0, 9.0, 10.0, 11.0, 12.0, 13.0, 14.0, 15.0, 16.0, 17.0, 18.0, 19.0, 20.0, 21.0, 22.0, 23.0, 24.0, 25.0, 26.0, 27.0, 28.0, 29.0, 30.0, 31.0, 32.0, 33.0, 34.0, 35.0, 36.0, 37.0, 38.0, 39.0, 40.0, 41.0, 42.0, 43.0, 44.0, 45.0, 46.0, 47.0, 48.0, 49.0, 50.0, 51.0, 52.0, 53.0, 54.0, 55.0, 56.0, 57.0, 58.0, 59.0, 60.0, 61.0, 62.0, 63.0, 64.0, 65.0, 66.0, 67.0, 68.0, 69.0, 70.0, 71.0, 72.0, 73.0, 74.0, 75.0, 76.0, 77.0, 78.0, 79.0, 80.0, 81.0, 82.0, 83.0, 84.0, 85.0, 86.0, 87.0, 88.0, 89.0, 90.0, 91.0, 92.0, 93.0, 94.0, 95.0, 96.0, 97.0, 98.0, 99.0, 100.0, 101.0, 102.0, 103.0, 104.0, 105.0, 106.0, 107.0, 108.0, 109.0, 110.0, 111.0, 112.0, 113.0, 114.0, 115.0, 116.0, 117.0, 118.0, 119.0, 120.0, 121.0, 122.0, 123.0, 124.0, 125.0, 126.0, 127.0, 128.0, 129.0, 130.0, 131.0, 132.0, 133.0, 195.0, 222.0, 243.0, 306.0, 308.0]
results
[0.011764705882352941, 0.027450980392156862, 0.0, 0.34509803921568627, 0.90588235294117647, 0.63529411764705879, 0.71764705882352942, 0.71764705882352942, 0.26666666666666666, 0.050980392156862744, 0.48627450980392156, 0.035294117647058823, 1.0, 0.44705882352941179, 1.0, 1.0, 0.13725490196078433, 0.015686274509803921, 0.0, 0.0, 0.0, 0.0039215686274509803, 0.011764705882352941, 0.0039215686274509803, 0.062745098039215685, 0.0, 0.44705882352941179, 0.16862745098039217, 0.45882352941176469, 0.45882352941176469, 0.70588235294117652, 0.0, 0.14117647058823529, 0.24705882352941178, 0.24705882352941178, 0.24705882352941178, 0.24705882352941178, 0.24705882352941178, 0.24705882352941178, 0.43137254901960786, 0.0, 0.090196078431372548, 0.015686274509803921, 0.0, 0.0, 0.031372549019607843, 0.031372549019607843, 0.031372549019607843, 0.28235294117647058, 0.25098039215686274, 0.78431372549019607, 0.75294117647058822, 0.23529411764705882, 0.48627450980392156, 0.48627450980392156, 0.47058823529411764, 0.48627450980392156, 0.97647058823529409, 0.99215686274509807, 0.99215686274509807, 0.75686274509803919, 0.23529411764705882, 0.49411764705882355, 0.49411764705882355, 0.49411764705882355, 0.49411764705882355, 1.0, 1.0, 1.0, 0.76470588235294112, 0.015686274509803921, 0.0, 0.18823529411764706, 0.0039215686274509803, 0.0039215686274509803, 0.0, 0.0, 0.0, 0.0, 0.0, 0.0, 0.96470588235294119, 0.96470588235294119, 0.48627450980392156, 0.52549019607843139, 0.96470588235294119, 0.96470588235294119, 0.47843137254901963, 0.24705882352941178, 0.31372549019607843, 0.97647058823529409, 0.094117647058823528, 0.0, 0.20392156862745098, 0.32156862745098042, 0.7686274509803922, 0.96470588235294119, 0.078431372549019607, 0.027450980392156862, 0.0, 0.88627450980392153, 0.0, 0.066666666666666666, 0.0, 0.18823529411764706, 0.0, 0.97647058823529409, 0.011764705882352941, 0.0, 0.015686274509803921, 0.35294117647058826, 0.9882352941176471, 1.0, 0.0, 0.0, 0.9882352941176471, 0.0, 0.0, 0.0, 0.0, 0.0, 0.9882352941176471, 0.0, 0.0, 0.85882352941176465, 0.98431372549019602, 0.75294117647058822, 0.94901960784313721, 2.9530591825456466e-22, 0.99999999996804245, 0.82220112100460407, 0.99996842015814547, 1.0, 1.0, 0.99539678951965249, 0.99247663640439054, 0.5186836020649459, 0.0073184925269718882, 0.99660483546978951]
fitness: 653.3333333333334