486.6666666666667
445.0
510.0
450.0
465.0
500.0
433.3333333333333
583.3333333333334
588.3333333333334
476.6666666666667
528.3333333333334
535.0
513.3333333333334
478.3333333333333
493.3333333333333
466.6666666666667
536.6666666666666
520.0
440.0
461.6666666666667
573.3333333333334
505.0
485.0
465.0
445.0
495.0
458.3333333333333
481.6666666666667
510.0
653.3333333333334
518.3333333333334
531.6666666666666
478.3333333333333
546.6666666666666
518.3333333333334
511.6666666666667
513.3333333333334
448.3333333333333
620.0
653.3333333333334
