connect_genes
[ 0.          2.          2.98499404  0.          0.        ]
[ 0.          3.          9.39856413  0.          1.        ]
[ 0.          4.          6.28744212  0.          2.        ]
[ 1.          2.          8.22194997  0.          3.        ]
[ 1.          3.          6.27267521  0.          4.        ]
[ 1.          4.          6.69201643  1.          5.        ]
[ 0.          5.          9.23073054  0.          6.        ]
[  5.           4.         -11.52131493   0.           7.        ]
[  1.           5.           0.70585325   0.          22.        ]
[  1.           7.           5.75644096   0.          11.        ]
[  7.           2.           2.13127094   0.          24.        ]
[  0.           7.          -3.93065316   0.          20.        ]
[  1.          10.           8.33761929   0.          49.        ]
[ 10.           7.           6.24455525   0.          59.        ]
[  7.           5.           7.21721713   0.          37.        ]
[  5.          7.         -1.6289781   0.         38.       ]
[  7.          10.          -8.68881898   0.          64.        ]
[  7.          25.           1.18637662   0.          86.        ]
[ 25.          10.          10.27285985   1.          85.        ]
[  25.            5.           -0.24818783    0.          106.        ]
[  7.          16.           1.64951199   1.          93.        ]
[ 16.          25.           1.34087353   0.          84.        ]
[  25.           28.            0.98408107    1.          123.        ]
[  28.            5.           -0.30374461    0.          126.        ]
[  1.          16.         -10.22254565   1.          71.        ]
[ 10.           5.           6.81263256   1.          57.        ]
[ 10.         16.          0.5664189   1.         88.       ]
[  28.          10.           1.1493105    1.         124.       ]
[  28.            7.           -3.58409301    1.          133.        ]
[ 10.           3.         -10.31308578   1.          40.        ]
[   0.           28.            9.93045777    1.          145.        ]
[  16.            5.            8.71082111    1.          108.        ]
[   5.           25.            1.17445393    1.          104.        ]
[  10.          25.           9.2620148    1.         120.       ]
node_indices
[0.0, 1.0, 2.0, 3.0, 4.0, 5.0, 7.0, 10.0, 16.0, 25.0, 28.0]
results
[0.54652736329317575, 0.028962487186308575, 0.5, 1.1306036603057004e-22, 0.71471566072110582, 1.0, 2.3599134982490494e-08, 1.0, 0.79778891247595984, 1.0, 0.99999999999990696]
fitness: 270.3333333333333